41.090004
70.120003
99.289993
107.800018
103.389977
104.040001
106.709999
105.070000
103.700012
109.759987
114.059998
113.779984
120.409996
123.989990
113.320000
55.529999
86.559998
95.699974
93.309998
94.009995
92.040009
95.789986
91.469994
90.120003
99.139992
110.060020
112.599983
103.790001
93.519981
74.099998
84.999992
99.400009
100.919991
96.840004
98.139992
79.980003
69.759995
87.899994
78.330002
73.580002
91.330002
113.130028
107.959999
83.260010
68.039993
108.380005
106.470001
102.520004
106.010002
93.829987
67.219994
51.740013
82.789993
105.680000
69.520004
70.930008
95.979996
110.720009
99.049988
94.089989
128.249969
116.189995
106.039993
110.789993
96.370018
73.720001
76.669998
104.970009
120.839996
119.249969
99.959991
85.719994
105.610008
110.670013
108.989998
132.550018
116.539993
98.909988
93.180000
107.429985
119.940010
152.860016
161.849976
160.139999
164.680008
157.360001
112.510010
107.299995
113.680000
111.970001
129.480011
110.010002
78.539993
87.389999
121.280006
159.639984
201.059998
239.060013
229.120041
213.040024
211.639999
175.559982
126.530006
112.010002
111.259964
124.500008
107.470001
82.829994
126.390015
168.309967
170.880020
210.399933
256.419983
250.119965
226.070007
223.800003
227.189987
150.389999
117.990005
111.180008
114.409996
108.769989
123.040001
186.759995
205.350006
186.939987
203.170013
202.900024
188.370010
187.940002
218.990005
220.080017
143.669998
103.760010
106.850006
107.260017
109.809998
141.589996
221.659988
196.230026
177.009979
167.539993
135.839981
133.190018
137.930023
185.740005
198.899994
131.029984
93.049995
108.220001
109.059998
113.379990
140.070007
172.940002
179.549973
177.870010
146.110016
120.819992
125.909996
123.900009
128.970001
133.000000
115.619995
99.329994
123.669968
111.390007
116.729980
127.079987
144.969986
164.339996
184.090012
169.950043
132.170013
116.730011
119.510010
107.029999
95.959991
106.440002
114.269997
131.600006
123.130013
108.039986
119.539970
134.010010
134.309998
145.319977
151.349991
128.859985
119.470009
113.690002
110.470001
112.700012
115.309990
132.650009
142.919998
146.600006
121.199997
115.129974
119.599991
114.309990
115.220001
117.859993
111.069992
120.070007
120.969978
112.849991
122.760002
107.359993
133.139999
122.159996
156.969986
151.969986
148.110016
136.779999
124.610001
125.599998
122.669983
119.979996
122.890007
121.879997
106.510002
105.980003
93.490005
115.699997
114.489990
